Trial 1: The Knight was successully touch 62 squares 
  26  23  42   9  28  13  44  11
  41   8  27  24  43  10  29  14
  22  25  62  51  58  55  12  45
   7  40  57  54  61  52  15  30
  36  21  50  59  56   0  46   1
  39   6  37   0  53  60  31  16
  20  35   4  49  18  33   2  47
   5  38  19  34   3  48  17  32

Trial 2: The Knight was successully touch 54 squares 
  17  34  45  12  15  36  47  10
  44   1  16  35  46  11  14  37
  33  18   0   0  13  54   9  48
   2  43   0  53   0   0  38  25
  19  32   0   0  39  26  49   8
  42   3   0   0  52   0  24  27
  31  20   5  40  29  22   7  50
   4  41  30  21   6  51  28  23

